50340023
50356016
50346028
55938014
55812024
55876020
50334023
50334022
50342020
55848034
55822030
55844029
50354024
50340020
52012001
50534047
51972002
52038001
51942007
51924006
51924005
52022002
51968003
52020002
52020001
52016002
51926004
50338021
51988002
51940001
54900006
50532037
51916006
51940009
51940008
51936001
52014002
51910003
51910004
52002002
51950002
51950003
51942008
50010406
52016003
51946003
52024002
52024001
51920006
51920005
51942006
51998004
51942005
54960006
51988003
54888004
51988004
50538038
52018001
52032001
51948004
51910002
52034001
51968002
51982002
51924007
52002004
51972004
52028002
51942004
52016001
52026001
52002003
51960006
51942003
52010001
52010002
52036001
52008001
51938001
51930005
52002001
51936002
52006001
51940010
52004001
54892005
51998002
50096152
50096153
52018002
51960005
52022001
164206
52030002
51948003
52030001
50010404
50096635
51736002
50032206
51736001
50032208
50043436
50043433
50043432
56450009
50962013
50074527
50041198
50074529
50026939
50031719
50026903
52474001
50074256
52472001
50069523
51740001
50026998
50029602
50096682
51738001
50096684
51738003
51732001
51734001
50026846
50026845
50096758
50096699
50096752
50026969
50026960
50026965
50049233
50026870
50028610
50074973
50074974
50026973
50026972
50026974
56432008
50028804
50028801
50026865
50026864
50026867
50026866
50026861
50026869
50026868
56442005
50096772
50028608
56470003
50026948
50026946
50028038
50026944
50026945
50026942
50026940
50026941
50043450
56468007
50028971
50074541
50096769
50026951
50026950
50026957
50026956
50026959
50026958
50043429
50043424
50043423
50074341
51738002
50096710
50096711
50096712
1625
50018529
50032081
50000557
51638004
50052113
50019371
51650002
51624005
50010158
50101579
50101577
50106127
50302021
50041594
50102173
50099270
50011129
50099276
50099274
50101580
50101581
50101584
50045018
50011131
50046607
50099312
50011179
50000436
50095646
50010167
50010168
50026901
50304017
50040965
50099315
50029375
50019397
50029373
50019398
50106128
30
50386031
50376021
50023948
55812014
50376026
50095702
50095703
50390023
50095693
50095706
50380013
50095696
50095697
50095698
50095699
50382021
50010520
50010524
50010527
50006584
50033987
50095676
50046018
50095784
50380024
50380025
50370016
54330003
55810027
50370015
50370018
50492050
50388020
56166007
50010537
50095671
50023954
50023952
50032645
50023953
50032712
50392028
50023854
50384031
50095692
50368022
50382016
50368020
50368026
50010530
50010528
50010518
50046238
50010531
50095700
50095672
50038005
54242002
50095701
50029370
50074799
55854020
50046016
50046017
50006583
50008165
50016768
50000671
51088009
51104005
50031724
50101674
50099718
50044671
50095933
51108009
50000697
50102538
50015514
162104
50010850
50066686
50008898
50095935
50101586
50095934
50016772
51110002
50016771
51106012
1623
50029581
51714001
51100006
50008906
50067404
50044672
50096877
1624
50099260
50095942
50099705
51712001
50000852
50906001
16
50034537
50034541
53618005
50034540
50034538
50034536
50034534
50034535
50034543
50034542
50034530
50034531
50034532
50034533
53662002
50034539
1705
50414021
50412008
50412007
50416008
50071849
50071867
50071863
50071862
50100663
50372011
50418004
50418005
50414011
50414013
50414012
50406007
50764004
50408007
50406008
50422010
50428002
50424010
50071854
50071855
50071857
50071850
50071851
50071852
50071853
50071858
51144010
50010388
50468018
50466013
50752005
50476014
50470026
50460023
50484019
50480016
50470025
50464021
50462019
50484020
50474022
50474023
50458014
50468016
50103034
50103035
50103036
50103037
50103030
50103032
50103033
50103038
50103039
50103042
50103045
50103044
50103047
50103020
50490015
50103041
50103026
50103043
50103024
50103023
50103022
50103021
50103046
50103025
50103048
50103040
50103028
50103029
50103027
50103018
50103019
50103017
50102996
50018341
50002664
50032612
50067084
50023962
50023967
50033808
50023965
50102481
50098107
50043340
56162004
50074119
50006012
50098102
50006010
50098100
50073179
50074070
50102476
50102479
50102478
50102477
50074078
50102473
50102472
50098099
50018363
50067085
50006000
50098057
50023975
50098110
50102480
50098112
50098179
50098101
50044786
50102469
50038537
50074067
50102467
50005997
50067081
50072767
50072766
50072765
50072770
50072771
50097986
50072721
50097985
50095787
50072769
50072724
50100772
50072723
50072768
50344002
50095782
50006842
50099839
50072692
50072687
50107711
50107710
50072691
50072690
50072697
50107709
50072699
50099841
50099840
50105328
50072693
50072686
50016866
56048004
50016864
50016862
50045452
56048003
56052003
56026004
50040997
56016009
56022007
50105854
50034269
50042674
56108002
50045470
50016863
50016853
50100721
50027236
50100723
50100722
50100724
50039086
55752002
50029741
50029740
50027279
50029742
50029451
50044777
50029747
50043914
50038016
50100626
50038013
50067391
55720001
50012047
50012028
50012027
50033547
50033543
50039087
50012042
50100624
50038015
51034016
50041262
50038555
50040821
50040823
50029737
50040825
50040824
50040827
50040826
50095027
50100633
50100632
50031713
51048014
50031716
50031714
50012055
50100625
50031712
50029743
55746001
50006843
50460017
56702005
50460018
50472019
50472018
50484021
50472037
56832032
50462020
50462023
50468020
50480018
56742001
50474026
56816016
56766035
56838030
50476017
50476028
50476018
55726008
50478017
50474027
50474025
50482014
50016781
50071134
50414025
50071130
50430033
50438019
50033820
50066647
50454022
50446018
50066601
50066884
50016803
50454017
50446015
50432055
50432018
55754011
50442022
50404023
50432012
50424016
50436022
50436023
50444021
50071203
50426024
50438002
50434013
50071140
50456017
50041697
50450011
50041673
50442014
50436017
50066954
50448014
50448015
50448016
50029216
50041700
50016756
54174002
54174001
54186001
54168001
54204001
54188001
54180001
54180002
54196002
54178001
54198001
54202001
54176002
54184001
54200001
54200002
54194001
54194002
54168002
54182001
54170003
54170002
54170001
54172001
54196001
54206001
54172002
54208001
54192001
54190001
54176001
55810013
54164002
51030012
51052009
51042008
51042009
51052008
51046010
51036011
51048008
51048009
51044011
51054006
51054005
51036013
51046009
51088013
51050007
51050009
51050008
51048010
51032014
51032015
51028010
51028011
51032013
50484015
50099570
50072703
50072707
50072709
50072708
50074963
50108342
50099528
50099529
50072689
50099522
50099523
50099520
50099521
50099527
50072688
50330013
50350025
50350024
50352017
50354018
50354019
50336016
50336017
50356012
50356013
50344017
50344016
50348021
50348022
50346025
50334016
50334017
50354021
50354020
50342017
50342016
50342015
50344007
